6,8,103~7,8,103
1,4,214~1,4,216
1,4,10~1,5,10
4,5,56~4,9,56
7,5,109~8,5,109
9,4,79~9,5,79
1,3,110~1,3,110
6,4,125~6,6,125
2,4,126~3,4,126
4,7,74~5,7,74
6,7,225~6,7,228
2,7,65~2,9,65
1,2,120~4,2,120
5,4,117~5,7,117
0,6,182~0,6,183
5,6,99~7,6,99
1,4,5~3,4,5
8,1,160~9,1,160
5,6,71~7,6,71
9,0,55~9,0,57
2,3,13~3,3,13
6,3,241~6,6,241
2,2,302~2,4,302
7,0,178~9,0,178
2,9,294~5,9,294
3,0,131~3,2,131
2,8,42~2,9,42
1,1,155~1,3,155
1,0,151~1,2,151
0,2,101~2,2,101
4,7,6~4,9,6
4,6,21~4,9,21
2,3,32~3,3,32
1,4,306~1,6,306
2,4,285~2,7,285
2,2,70~2,4,70
5,6,143~5,8,143
4,0,231~4,2,231
8,1,157~8,3,157
5,2,150~8,2,150
2,3,178~5,3,178
0,6,127~2,6,127
3,3,261~4,3,261
9,7,196~9,9,196
0,3,170~0,3,172
3,0,30~3,2,30
6,6,117~6,7,117
8,9,50~8,9,52
4,1,189~4,2,189
6,1,106~7,1,106
8,1,183~8,3,183
0,1,256~1,1,256
0,3,151~1,3,151
6,2,117~6,2,119
6,0,88~7,0,88
3,4,113~4,4,113
6,2,147~8,2,147
7,0,24~7,0,26
0,1,232~0,3,232
3,8,98~3,8,100
4,5,159~6,5,159
1,6,120~4,6,120
3,3,117~6,3,117
2,9,124~4,9,124
8,1,51~9,1,51
1,1,272~1,4,272
0,0,224~0,2,224
6,7,107~9,7,107
2,2,118~4,2,118
8,7,138~8,9,138
7,9,17~7,9,18
6,4,56~8,4,56
6,9,75~8,9,75
6,1,200~6,3,200
1,6,170~1,9,170
3,2,111~3,4,111
3,1,34~5,1,34
1,1,13~4,1,13
0,1,157~2,1,157
0,5,300~0,5,302
1,6,19~3,6,19
4,7,195~5,7,195
1,1,123~1,2,123
4,7,194~4,8,194
6,4,33~8,4,33
3,0,153~4,0,153
8,6,133~8,8,133
6,8,261~9,8,261
0,2,115~3,2,115
4,3,79~4,4,79
1,1,41~3,1,41
4,6,115~4,9,115
7,1,212~7,4,212
6,6,126~8,6,126
4,7,9~7,7,9
0,6,53~0,8,53
4,3,258~4,5,258
0,2,297~0,4,297
4,2,72~6,2,72
1,8,34~4,8,34
7,9,47~9,9,47
7,4,192~9,4,192
5,1,285~6,1,285
6,7,68~7,7,68
1,1,154~2,1,154
0,3,135~0,5,135
5,9,18~6,9,18
2,7,70~4,7,70
2,6,194~4,6,194
3,6,168~3,6,171
6,4,4~8,4,4
2,3,92~2,5,92
4,8,253~7,8,253
8,3,14~8,3,14
5,2,98~8,2,98
1,2,137~2,2,137
6,3,180~6,4,180
4,5,146~6,5,146
2,5,103~2,5,105
9,3,21~9,4,21
5,8,176~8,8,176
2,5,42~2,7,42
9,3,108~9,6,108
3,3,279~5,3,279
1,2,148~3,2,148
7,0,29~9,0,29
2,0,185~2,3,185
0,9,98~1,9,98
7,8,258~7,9,258
4,4,40~4,4,42
3,4,52~3,6,52
9,3,138~9,4,138
3,1,279~6,1,279
3,4,167~4,4,167
4,6,141~7,6,141
9,4,36~9,6,36
0,1,280~1,1,280
7,0,183~8,0,183
6,1,214~8,1,214
7,8,98~7,8,100
7,0,4~7,0,6
3,4,196~6,4,196
0,8,112~0,8,115
7,0,175~7,3,175
2,2,203~4,2,203
2,3,140~2,5,140
2,2,267~6,2,267
4,7,234~7,7,234
1,5,279~1,8,279
4,4,97~4,4,97
2,0,156~4,0,156
1,0,37~1,2,37
8,6,183~9,6,183
5,5,11~5,8,11
1,2,274~1,4,274
2,0,232~4,0,232
8,5,106~8,7,106
8,2,160~8,4,160
7,1,274~9,1,274
9,0,123~9,2,123
8,4,163~8,4,166
6,0,127~6,3,127
1,9,47~3,9,47
4,3,251~7,3,251
0,3,24~2,3,24
0,4,295~2,4,295
7,6,275~7,6,276
7,7,171~8,7,171
6,3,174~8,3,174
3,4,110~3,7,110
2,1,229~5,1,229
0,1,29~0,4,29
6,5,153~6,8,153
8,7,216~8,9,216
6,4,34~9,4,34
6,2,133~6,4,133
1,9,40~3,9,40
8,8,220~8,9,220
3,2,106~3,4,106
5,1,218~7,1,218
0,4,72~0,5,72
0,1,95~4,1,95
0,0,21~0,1,21
1,3,22~1,4,22
0,1,89~3,1,89
6,4,247~6,5,247
1,7,161~3,7,161
3,7,111~6,7,111
1,6,140~3,6,140
2,0,53~2,2,53
4,3,274~4,5,274
1,0,30~1,2,30
5,6,115~8,6,115
1,9,176~1,9,177
7,0,286~7,3,286
5,7,196~7,7,196
1,2,27~1,4,27
5,3,2~5,5,2
9,3,152~9,5,152
3,1,28~4,1,28
0,5,5~0,5,7
8,7,168~8,9,168
1,3,65~5,3,65
1,0,54~3,0,54
0,9,58~0,9,61
5,4,81~5,6,81
1,1,25~1,2,25
5,0,270~7,0,270
3,4,115~3,4,117
0,7,45~2,7,45
9,3,189~9,6,189
4,8,234~4,9,234
6,3,107~6,3,110
6,7,232~6,7,233
3,4,166~6,4,166
0,4,299~0,6,299
5,7,214~8,7,214
2,9,191~4,9,191
4,6,133~7,6,133
9,1,162~9,3,162
7,0,32~7,0,34
4,8,63~4,8,65
0,1,102~0,2,102
2,2,296~2,5,296
9,5,126~9,7,126
7,4,156~7,6,156
6,9,26~9,9,26
6,0,156~6,3,156
9,7,70~9,7,73
9,7,67~9,9,67
6,4,211~6,6,211
1,5,49~1,8,49
9,7,275~9,7,275
6,0,221~6,1,221
2,6,23~2,9,23
8,2,71~8,4,71
8,6,149~8,6,151
2,0,125~2,2,125
3,6,127~3,6,129
6,7,250~6,8,250
7,0,222~7,2,222
7,2,6~7,4,6
4,5,145~7,5,145
1,9,101~2,9,101
0,3,121~0,5,121
8,3,125~9,3,125
3,7,158~3,9,158
1,5,213~1,6,213
5,5,73~8,5,73
1,3,143~2,3,143
1,6,23~1,6,26
0,0,14~3,0,14
5,0,289~7,0,289
3,1,111~5,1,111
5,3,254~5,3,254
0,7,1~1,7,1
2,0,103~2,2,103
1,2,74~4,2,74
5,2,171~5,2,174
8,7,130~8,9,130
2,7,164~2,7,164
8,9,223~8,9,224
1,3,270~3,3,270
6,7,169~8,7,169
9,7,14~9,7,16
2,7,5~3,7,5
0,2,168~0,5,168
4,1,125~6,1,125
7,8,222~7,9,222
2,7,199~2,8,199
7,3,289~7,5,289
1,0,105~3,0,105
0,9,20~0,9,22
3,3,43~3,5,43
1,1,194~4,1,194
5,3,194~5,7,194
1,2,183~2,2,183
0,7,185~2,7,185
1,6,143~1,7,143
0,5,149~0,7,149
8,7,170~8,8,170
1,7,12~4,7,12
5,0,188~7,0,188
2,5,36~5,5,36
0,2,41~0,2,41
5,3,3~5,5,3
3,7,203~3,9,203
3,2,292~5,2,292
2,4,90~4,4,90
4,3,177~6,3,177
5,1,100~6,1,100
5,5,15~8,5,15
3,3,293~5,3,293
4,7,232~5,7,232
7,3,190~9,3,190
0,4,1~0,6,1
8,9,69~9,9,69
4,6,124~4,8,124
5,7,13~5,8,13
7,0,106~8,0,106
7,1,216~7,4,216
8,6,153~8,8,153
1,0,107~1,0,108
9,4,111~9,4,113
7,0,80~7,2,80
2,3,159~2,6,159
4,3,275~6,3,275
1,4,41~1,5,41
3,1,35~5,1,35
6,0,82~8,0,82
5,5,123~7,5,123
6,2,86~6,3,86
2,4,145~3,4,145
3,5,15~3,8,15
5,7,96~7,7,96
8,9,237~9,9,237
3,4,144~5,4,144
3,8,102~4,8,102
0,0,216~0,2,216
8,4,100~8,7,100
8,7,269~8,7,271
3,5,226~3,6,226
4,4,279~4,4,281
5,2,52~6,2,52
0,3,108~2,3,108
9,5,123~9,7,123
0,5,103~1,5,103
3,5,89~3,8,89
3,3,38~6,3,38
0,6,78~0,6,80
7,5,268~9,5,268
7,2,146~7,5,146
2,9,44~3,9,44
1,4,69~1,6,69
1,1,300~1,2,300
0,7,55~0,9,55
6,9,140~9,9,140
4,5,128~6,5,128
5,1,61~5,5,61
6,6,67~6,7,67
0,7,192~1,7,192
1,7,231~1,8,231
2,4,161~2,5,161
2,3,161~3,3,161
5,4,9~6,4,9
4,6,260~4,7,260
0,2,210~0,4,210
7,9,165~8,9,165
4,1,122~7,1,122
3,6,54~3,7,54
1,4,166~1,5,166
3,4,169~3,4,170
0,0,153~1,0,153
2,6,181~2,8,181
8,4,228~8,6,228
2,1,235~2,1,235
0,4,304~3,4,304
0,6,6~2,6,6
6,2,66~6,4,66
3,2,281~6,2,281
3,5,55~4,5,55
5,7,113~6,7,113
9,7,204~9,7,206
5,2,105~8,2,105
8,8,3~9,8,3
7,3,280~9,3,280
2,5,204~4,5,204
1,6,288~3,6,288
3,3,185~3,5,185
8,4,20~8,7,20
7,8,235~7,8,237
3,0,285~6,0,285
6,3,88~6,5,88
2,7,43~4,7,43
0,1,18~2,1,18
4,1,101~4,2,101
1,0,8~1,3,8
4,1,97~6,1,97
2,7,171~2,7,174
2,5,40~5,5,40
8,3,7~8,6,7
6,5,177~9,5,177
0,5,167~0,8,167
5,5,118~7,5,118
2,9,134~4,9,134
4,0,98~4,2,98
2,1,160~2,1,160
2,1,295~4,1,295
4,7,95~4,9,95
7,8,134~9,8,134
6,4,135~8,4,135
2,8,187~5,8,187
4,0,134~4,2,134
7,6,45~8,6,45
8,7,101~8,9,101
7,5,11~8,5,11
2,1,128~2,1,131
7,6,199~7,6,200
3,8,151~5,8,151
1,3,230~4,3,230
3,2,151~3,3,151
4,4,157~4,6,157
6,0,282~6,1,282
0,7,48~1,7,48
6,9,15~8,9,15
7,4,57~9,4,57
1,0,15~1,0,15
4,7,160~7,7,160
5,2,195~6,2,195
0,4,128~1,4,128
0,0,36~2,0,36
8,6,103~8,7,103
3,3,49~3,5,49
4,7,23~6,7,23
0,3,111~2,3,111
1,9,206~4,9,206
5,5,149~5,7,149
5,3,282~6,3,282
0,5,75~0,6,75
5,0,19~6,0,19
4,8,235~4,9,235
7,5,116~9,5,116
0,1,221~3,1,221
5,0,108~5,2,108
5,2,99~5,2,99
6,7,276~8,7,276
4,2,278~4,4,278
3,2,48~3,4,48
2,9,167~5,9,167
4,2,199~4,3,199
5,1,157~6,1,157
6,3,155~8,3,155
7,1,24~9,1,24
5,8,21~7,8,21
9,2,225~9,4,225
1,3,43~1,4,43
4,4,235~6,4,235
1,9,126~4,9,126
4,2,63~5,2,63
7,0,277~7,2,277
8,7,22~9,7,22
1,8,234~1,8,237
6,3,238~6,5,238
8,0,265~8,3,265
6,0,22~8,0,22
4,3,93~4,4,93
0,7,169~2,7,169
6,0,72~6,0,73
4,4,132~5,4,132
5,3,236~5,5,236
0,8,109~2,8,109
7,4,136~9,4,136
0,8,16~3,8,16
1,9,125~4,9,125
4,3,228~4,4,228
5,0,271~6,0,271
0,6,10~0,8,10
1,5,66~4,5,66
7,2,172~7,3,172
0,4,8~3,4,8
1,5,117~1,7,117
3,2,37~5,2,37
0,1,146~0,4,146
5,4,229~5,7,229
9,6,194~9,9,194
3,6,17~3,6,17
7,1,243~7,3,243
1,1,94~3,1,94
1,0,5~1,2,5
1,0,12~1,2,12
2,0,193~4,0,193
5,8,193~5,9,193
3,3,31~7,3,31
4,6,220~6,6,220
1,3,148~1,3,149
2,2,133~3,2,133
2,7,132~2,9,132
3,0,96~4,0,96
8,1,90~9,1,90
0,1,219~0,2,219
1,9,69~2,9,69
5,6,152~5,6,154
3,8,104~4,8,104
9,7,203~9,7,203
0,8,200~0,9,200
4,4,244~7,4,244
3,9,135~5,9,135
3,8,159~5,8,159
7,0,85~8,0,85
3,8,37~3,9,37
4,2,179~6,2,179
3,2,95~5,2,95
5,1,41~5,3,41
2,6,179~2,9,179
3,4,283~4,4,283
6,2,182~8,2,182
5,0,140~5,3,140
1,7,196~1,9,196
8,6,114~8,8,114
9,1,54~9,3,54
3,3,285~3,5,285
2,0,186~5,0,186
1,3,104~2,3,104
7,7,117~9,7,117
0,8,300~3,8,300
5,1,220~5,2,220
4,7,32~4,9,32
9,6,192~9,9,192
4,8,219~7,8,219
1,4,80~5,4,80
5,1,73~5,3,73
0,8,3~0,8,6
7,5,16~7,7,16
6,0,33~6,2,33
6,3,246~6,6,246
0,4,296~0,6,296
5,3,28~5,6,28
6,2,114~9,2,114
0,3,104~0,5,104
2,2,97~3,2,97
2,1,97~2,1,100
4,6,168~4,6,170
9,1,36~9,3,36
8,7,2~8,8,2
4,6,24~4,7,24
1,4,235~3,4,235
0,7,191~2,7,191
1,1,279~1,3,279
2,1,191~4,1,191
4,3,253~4,6,253
4,9,7~6,9,7
7,1,164~9,1,164
5,2,178~7,2,178
6,3,42~6,4,42
5,2,285~5,4,285
0,5,71~1,5,71
0,0,234~2,0,234
3,2,130~4,2,130
1,7,56~3,7,56
8,9,103~8,9,103
9,6,101~9,8,101
7,1,103~7,3,103
3,8,35~3,9,35
4,8,49~4,9,49
6,8,69~9,8,69
3,4,297~3,8,297
7,1,186~7,3,186
2,1,293~2,4,293
0,6,178~0,8,178
3,7,157~5,7,157
6,4,103~6,6,103
7,4,162~7,4,163
7,2,153~7,4,153
3,1,282~3,2,282
1,2,129~3,2,129
1,8,67~3,8,67
2,3,101~4,3,101
5,8,171~5,9,171
0,6,21~2,6,21
4,6,14~4,7,14
6,1,277~6,3,277
6,6,242~9,6,242
3,0,272~5,0,272
6,0,130~6,1,130
7,0,159~8,0,159
1,1,23~3,1,23
7,6,1~8,6,1
4,0,77~4,2,77
1,5,169~3,5,169
3,6,291~3,9,291
6,4,261~6,6,261
0,8,64~0,8,66
9,0,114~9,1,114
2,5,61~4,5,61
2,6,122~3,6,122
6,7,66~7,7,66
3,6,165~6,6,165
8,0,249~8,2,249
8,4,274~8,5,274
4,0,101~6,0,101
5,8,256~8,8,256
4,5,195~6,5,195
5,0,176~7,0,176
6,3,104~6,4,104
9,1,224~9,2,224
8,1,178~8,2,178
9,5,181~9,5,183
4,0,117~5,0,117
5,3,99~7,3,99
1,4,2~2,4,2
4,4,174~6,4,174
2,4,82~4,4,82
7,7,23~7,9,23
0,1,229~0,1,231
1,8,95~3,8,95
3,9,98~5,9,98
7,5,95~7,8,95
8,4,266~8,7,266
4,9,57~4,9,59
7,6,243~9,6,243
1,6,307~1,6,309
6,5,229~6,7,229
6,0,71~8,0,71
5,7,150~6,7,150
3,9,101~5,9,101
1,1,9~3,1,9
5,2,36~5,4,36
6,9,232~8,9,232
4,6,296~6,6,296
1,6,177~2,6,177
1,2,51~3,2,51
0,5,215~2,5,215
4,8,220~4,8,223
0,8,173~1,8,173
0,5,119~1,5,119
3,6,3~5,6,3
5,4,217~5,7,217
8,1,16~8,4,16
2,3,192~2,5,192
1,3,260~1,6,260
1,0,192~3,0,192
0,8,181~0,8,183
4,3,126~5,3,126
5,7,178~5,8,178
4,7,75~5,7,75
2,2,99~2,4,99
2,4,102~2,6,102
9,2,140~9,5,140
1,9,97~4,9,97
7,6,197~7,8,197
4,6,257~5,6,257
9,6,182~9,7,182
7,5,271~7,7,271
2,1,206~2,3,206
6,0,269~6,3,269
2,5,97~5,5,97
5,1,124~5,3,124
2,7,108~6,7,108
0,3,68~3,3,68
4,9,29~6,9,29
5,8,36~5,9,36
4,7,243~4,9,243
7,3,91~8,3,91
6,0,117~9,0,117
1,3,263~1,5,263
6,6,10~9,6,10
7,4,116~8,4,116
3,6,92~3,6,93
5,2,239~5,3,239
6,3,138~6,5,138
1,2,257~1,4,257
2,6,92~2,9,92
6,6,147~8,6,147
7,2,279~8,2,279
6,9,170~8,9,170
1,2,134~3,2,134
4,5,69~4,7,69
6,0,103~7,0,103
2,9,20~5,9,20
7,8,223~9,8,223
6,2,14~7,2,14
9,4,39~9,7,39
5,3,98~5,5,98
2,9,66~2,9,68
3,4,207~6,4,207
7,2,192~7,3,192
2,8,98~2,8,101
2,4,13~2,7,13
4,2,1~5,2,1
4,5,154~5,5,154
1,1,20~1,3,20
7,2,86~7,4,86
0,3,107~0,5,107
4,9,116~4,9,118
3,2,105~3,4,105
3,3,173~3,4,173
1,6,91~5,6,91
4,9,228~6,9,228
2,5,240~2,7,240
4,0,68~4,3,68
9,0,111~9,3,111
1,8,36~1,9,36
1,0,237~1,0,239
8,5,78~9,5,78
9,3,185~9,5,185
4,4,84~4,4,86
7,1,45~7,4,45
5,2,167~5,4,167
4,3,273~7,3,273
0,5,2~0,8,2
7,9,143~9,9,143
1,6,194~1,8,194
3,8,122~3,9,122
7,3,278~8,3,278
5,1,77~5,3,77
0,1,40~0,3,40
1,6,138~1,8,138
7,2,89~7,4,89
3,2,16~3,3,16
7,4,263~7,6,263
6,2,47~8,2,47
2,1,24~2,2,24
1,5,28~1,7,28
7,0,180~7,1,180
7,6,18~7,8,18
9,4,180~9,6,180
2,8,12~2,8,14
0,6,175~0,8,175
8,5,79~8,7,79
3,0,137~5,0,137
9,5,42~9,7,42
9,9,1~9,9,3
0,6,158~3,6,158
9,1,19~9,3,19
7,2,168~7,3,168
6,0,187~9,0,187
4,3,131~4,6,131
7,4,211~7,6,211
2,7,90~5,7,90
2,3,290~2,5,290
9,5,153~9,7,153
3,7,200~3,7,201
1,8,229~4,8,229
6,6,179~6,8,179
6,1,289~8,1,289
2,1,38~5,1,38
3,8,162~3,9,162
3,0,150~3,3,150
8,5,127~8,8,127
4,9,127~6,9,127
0,2,147~0,5,147
6,2,55~6,4,55
4,8,118~6,8,118
2,1,223~4,1,223
4,0,113~5,0,113
8,7,274~9,7,274
7,8,116~9,8,116
8,0,87~8,1,87
7,4,159~7,7,159
1,6,92~1,6,94
5,5,142~7,5,142
4,2,170~7,2,170
1,1,233~4,1,233
4,3,206~4,5,206
8,7,80~8,7,81
2,4,171~4,4,171
1,1,168~1,4,168
7,7,12~9,7,12
3,3,141~5,3,141
6,9,49~9,9,49
7,4,105~9,4,105
4,3,63~6,3,63
7,6,98~9,6,98
2,7,62~3,7,62
8,9,261~8,9,262
4,2,32~4,5,32
5,7,5~5,9,5
4,7,262~4,8,262
0,7,13~0,8,13
6,2,99~8,2,99
6,3,242~8,3,242
1,0,18~3,0,18
9,6,119~9,7,119
0,2,123~0,4,123
3,2,290~3,5,290
3,3,263~3,5,263
7,7,2~7,7,4
1,6,3~2,6,3
4,2,260~5,2,260
4,5,114~4,7,114
7,6,273~8,6,273
9,2,13~9,2,16
2,2,121~2,4,121
6,7,249~7,7,249
3,8,190~3,9,190
3,6,222~4,6,222
7,7,217~7,8,217
9,4,144~9,6,144
4,1,116~4,4,116
7,5,96~9,5,96
6,2,9~8,2,9
9,1,122~9,3,122
0,8,198~2,8,198
0,0,1~0,1,1
6,6,114~6,8,114
4,2,264~4,4,264
0,2,122~2,2,122
3,5,100~3,7,100
0,7,50~0,9,50
2,5,287~2,7,287
8,2,104~9,2,104
1,8,107~3,8,107
2,9,298~5,9,298
3,0,42~3,1,42
2,5,6~5,5,6
2,4,238~2,6,238
0,3,233~0,6,233
5,0,184~8,0,184
7,4,188~9,4,188
1,5,7~1,7,7
1,4,175~5,4,175
1,8,293~3,8,293
7,3,42~7,6,42
7,8,108~7,8,111
1,5,172~2,5,172
2,9,232~2,9,235
6,2,292~8,2,292
1,9,165~3,9,165
1,1,92~3,1,92
6,3,3~6,6,3
2,3,124~2,5,124
1,9,49~1,9,50
5,9,225~7,9,225
3,0,235~3,1,235
3,8,163~3,8,163
9,5,5~9,7,5
0,4,143~2,4,143
5,7,168~5,9,168
0,3,195~3,3,195
4,5,211~4,7,211
9,4,199~9,7,199
6,6,151~6,7,151
7,8,124~9,8,124
1,9,129~1,9,131
5,4,13~7,4,13
9,5,155~9,6,155
5,2,257~5,5,257
8,0,31~8,0,33
9,5,202~9,8,202
6,8,32~7,8,32
7,4,70~7,6,70
6,0,124~6,2,124
6,8,239~6,8,240
0,3,173~0,5,173
0,5,160~0,8,160
1,2,276~1,6,276
4,5,70~4,5,72
5,8,189~7,8,189
1,1,33~1,4,33
3,0,1~3,0,3
0,3,94~2,3,94
8,4,75~8,6,75
6,4,102~8,4,102
2,4,182~2,6,182
1,4,123~2,4,123
3,4,84~3,5,84
6,4,278~6,6,278
3,5,166~5,5,166
0,5,164~3,5,164
2,1,271~2,3,271
2,5,71~2,7,71
1,2,299~1,5,299
9,6,120~9,9,120
4,1,31~6,1,31
3,3,180~3,3,182
1,2,255~3,2,255
2,2,187~2,4,187
5,5,151~7,5,151
7,3,112~7,5,112
8,1,243~8,3,243
0,2,126~1,2,126
5,9,174~7,9,174
0,8,202~0,9,202
4,7,240~4,8,240
2,0,17~2,0,17
0,2,28~3,2,28
1,4,129~1,5,129
4,3,198~4,4,198
0,4,207~2,4,207
0,8,7~0,8,9
8,4,269~8,4,272
2,9,24~4,9,24
5,7,97~7,7,97
6,1,107~6,1,109
9,6,158~9,9,158
3,6,239~3,9,239
2,0,94~4,0,94
6,7,163~6,7,163
5,6,156~5,8,156
5,0,153~5,2,153
9,3,62~9,5,62
8,4,112~8,6,112
3,4,289~3,7,289
8,4,42~8,6,42
0,4,38~2,4,38
2,5,190~5,5,190
9,7,183~9,9,183
4,7,116~5,7,116
3,9,236~5,9,236
1,1,146~1,4,146
2,9,129~2,9,130
6,3,68~8,3,68
4,3,280~5,3,280
7,3,33~9,3,33
2,2,11~2,3,11
6,9,20~6,9,24
5,2,160~7,2,160
3,9,129~7,9,129
0,8,59~0,8,62
7,0,157~7,3,157
2,6,162~4,6,162
5,3,276~8,3,276
6,1,48~8,1,48
1,4,208~2,4,208
9,7,41~9,8,41
1,6,294~3,6,294
9,6,76~9,8,76
0,5,210~3,5,210
6,4,226~8,4,226
2,4,282~4,4,282
4,5,277~6,5,277
8,4,73~8,4,74
2,0,33~3,0,33
4,8,120~5,8,120
1,2,95~1,4,95
8,5,220~8,7,220
5,1,143~5,4,143
6,2,18~7,2,18
6,4,213~6,6,213
4,5,134~4,5,136
4,1,32~5,1,32
3,1,119~6,1,119
8,9,146~8,9,148
2,5,67~2,6,67
1,4,112~1,4,114
6,2,49~8,2,49
3,5,144~5,5,144
6,9,32~8,9,32
0,0,174~0,3,174
3,5,193~6,5,193
4,5,279~4,8,279
9,3,59~9,6,59
7,2,283~7,4,283
2,4,137~2,6,137
1,1,36~1,4,36
2,6,9~2,8,9
6,3,223~6,7,223
4,1,143~4,3,143
2,4,164~5,4,164
3,5,64~5,5,64
3,8,237~5,8,237
2,5,108~2,5,109
0,5,155~0,7,155
4,5,121~5,5,121
0,5,100~2,5,100
4,8,108~6,8,108
1,7,114~3,7,114
9,4,153~9,4,153
0,3,131~0,5,131
1,5,73~2,5,73
2,7,227~2,9,227
4,7,57~5,7,57
8,3,139~9,3,139
0,1,192~2,1,192
7,9,236~9,9,236
1,8,103~2,8,103
1,2,2~3,2,2
6,3,149~8,3,149
3,1,137~4,1,137
0,4,286~2,4,286
2,2,182~4,2,182
5,0,20~5,0,21
9,6,146~9,8,146
3,8,92~4,8,92
1,0,189~1,2,189
3,6,20~3,8,20
1,6,172~1,6,174
0,1,11~0,3,11
3,0,103~3,4,103
8,1,35~8,3,35
5,8,238~8,8,238
5,0,110~7,0,110
3,1,262~3,3,262
3,0,142~3,2,142
6,0,104~9,0,104
7,0,271~7,2,271
6,1,271~6,1,272
6,7,64~9,7,64
4,5,18~6,5,18
6,4,61~6,7,61
7,3,137~7,6,137
5,0,109~7,0,109
8,2,175~8,6,175
0,1,226~3,1,226
9,2,102~9,3,102
3,6,121~4,6,121
4,8,150~6,8,150
3,5,1~5,5,1
0,3,9~2,3,9
4,8,252~7,8,252
7,9,260~9,9,260
6,2,194~6,3,194
8,6,185~8,8,185
2,6,223~5,6,223
1,4,115~2,4,115
5,0,181~5,2,181
6,7,12~6,9,12
0,5,152~2,5,152
5,3,34~5,5,34
3,7,46~3,8,46
3,8,4~5,8,4
3,6,1~3,8,1
5,5,260~8,5,260
8,3,192~9,3,192
7,1,221~9,1,221
3,0,238~4,0,238
0,5,206~2,5,206
5,8,190~5,9,190
8,4,148~8,6,148
3,0,182~6,0,182
5,0,158~6,0,158
3,1,26~5,1,26
7,2,124~9,2,124
5,3,125~7,3,125
2,3,29~2,5,29
4,5,116~4,6,116
2,8,224~5,8,224
2,5,2~2,5,5
6,0,222~6,0,223
8,3,13~8,5,13
7,4,229~7,7,229
0,4,180~0,6,180
6,3,130~7,3,130
5,8,26~7,8,26
2,5,188~4,5,188
0,1,71~0,4,71
4,4,232~6,4,232
1,4,209~1,4,211
6,0,69~6,2,69
4,2,131~5,2,131
3,5,124~3,7,124
9,9,122~9,9,124
6,2,100~9,2,100
3,6,111~4,6,111
5,0,115~6,0,115
3,7,4~4,7,4
5,4,21~5,5,21
8,2,263~8,5,263
0,2,130~1,2,130
0,6,119~3,6,119
3,6,199~3,8,199
8,7,15~8,8,15
6,3,119~9,3,119
6,1,75~6,2,75
1,7,175~1,9,175
1,0,97~4,0,97
4,1,247~4,4,247
7,4,92~7,7,92
7,8,121~9,8,121
4,4,218~5,4,218
8,5,16~8,8,16
7,0,3~9,0,3
3,4,230~3,4,232
4,3,76~6,3,76
2,1,71~4,1,71
7,4,10~7,5,10
4,8,233~7,8,233
7,0,125~7,1,125
1,1,186~4,1,186
8,6,119~8,7,119
1,1,254~1,3,254
4,5,255~4,6,255
0,5,201~2,5,201
2,2,109~2,4,109
4,6,59~4,7,59
1,7,197~1,7,199
3,0,88~3,3,88
6,2,11~9,2,11
5,3,94~6,3,94
6,4,40~8,4,40
1,3,183~3,3,183
7,8,138~7,9,138
8,9,239~9,9,239
7,1,184~7,3,184
5,9,34~7,9,34
6,4,8~7,4,8
9,4,97~9,5,97
7,7,29~7,8,29
8,1,105~8,1,107
0,2,252~2,2,252
3,4,255~5,4,255
4,7,96~4,7,99
2,7,189~2,8,189
4,6,46~4,9,46
9,1,146~9,4,146
0,2,75~2,2,75
8,6,217~8,8,217
1,6,163~4,6,163
5,3,142~5,4,142
6,6,14~6,8,14
4,7,212~6,7,212
7,8,72~7,9,72
6,1,77~8,1,77
7,7,231~7,9,231
3,1,192~4,1,192
0,3,126~0,6,126
1,3,281~1,3,283
0,0,211~0,2,211
2,1,106~3,1,106
1,4,201~4,4,201
3,5,113~6,5,113
6,0,12~6,2,12
1,6,159~1,8,159
9,1,2~9,3,2
1,5,194~2,5,194
3,3,267~5,3,267
1,5,95~2,5,95
4,3,249~6,3,249
4,0,102~4,0,104
5,1,91~5,5,91
5,3,197~6,3,197
2,3,27~5,3,27
4,8,59~4,8,61
9,2,165~9,4,165
2,2,299~2,2,301
0,0,158~0,1,158
1,7,13~1,8,13
2,0,91~3,0,91
6,9,141~7,9,141
7,1,246~8,1,246
9,0,22~9,2,22
5,6,72~5,8,72
0,3,204~0,6,204
7,6,268~9,6,268
0,6,130~0,7,130
2,0,140~4,0,140
8,0,120~8,0,123
1,3,109~1,5,109
1,4,142~3,4,142
0,4,132~0,6,132
6,3,67~6,5,67
6,6,249~6,6,252
8,0,295~8,2,295
8,4,151~9,4,151
8,8,45~9,8,45
3,6,59~3,7,59
6,6,144~6,7,144
4,7,100~6,7,100
9,0,52~9,2,52
3,9,119~5,9,119
5,5,68~8,5,68
3,6,197~6,6,197
1,2,202~4,2,202
0,0,214~0,0,215
1,5,198~4,5,198
1,6,55~3,6,55
3,3,87~3,5,87
4,5,208~7,5,208
5,3,270~5,6,270
7,2,253~7,4,253
6,0,17~6,2,17
0,1,260~0,2,260
7,8,136~8,8,136
7,7,162~7,9,162
5,5,39~8,5,39
5,5,158~5,8,158
4,2,94~4,4,94
2,5,38~2,7,38
2,7,103~3,7,103
7,5,46~7,7,46
5,9,30~7,9,30
0,8,56~2,8,56
0,4,75~0,4,78
1,2,296~1,4,296
8,0,102~8,2,102
2,4,209~2,6,209
1,6,145~2,6,145
1,9,2~1,9,4
3,4,227~6,4,227
0,7,18~0,9,18
0,1,39~0,4,39
1,1,55~3,1,55
7,1,297~8,1,297
2,8,184~4,8,184
7,6,4~9,6,4
6,9,179~7,9,179
2,5,208~2,6,208
0,3,300~1,3,300
1,9,230~3,9,230
2,3,45~4,3,45
1,5,208~1,5,208
9,5,143~9,6,143
4,4,39~6,4,39
7,3,165~7,5,165
6,8,105~7,8,105
3,1,121~5,1,121
6,3,139~6,6,139
7,8,173~8,8,173
9,2,193~9,5,193
2,6,198~3,6,198
1,7,182~3,7,182
5,9,177~8,9,177
9,8,44~9,9,44
8,4,19~8,6,19
7,6,246~7,7,246
6,3,32~6,5,32
0,4,134~3,4,134
1,7,135~2,7,135
6,2,289~7,2,289
6,3,79~8,3,79
6,3,81~6,3,84
7,4,114~7,6,114
2,0,138~5,0,138
5,4,85~7,4,85
1,1,302~1,1,305
1,2,249~4,2,249
4,2,192~6,2,192
5,9,234~7,9,234
5,4,88~5,4,90
4,3,191~4,7,191
4,5,58~6,5,58
1,3,83~1,4,83
2,0,30~2,2,30
5,8,109~5,9,109
4,3,103~4,5,103
9,2,61~9,4,61
1,1,15~2,1,15
2,1,112~2,2,112
9,2,143~9,4,143
4,3,123~4,5,123
5,4,82~8,4,82
8,3,283~8,3,285
4,5,149~4,8,149
0,1,257~0,3,257
4,6,295~4,9,295
3,2,223~6,2,223
3,2,108~3,4,108
9,7,184~9,9,184
0,5,234~0,8,234
1,9,171~2,9,171
0,6,134~2,6,134
2,6,60~4,6,60
